bodyorientation: -2.968519
movementorientation: -2.951614
anglediff: 0.016905
distancetravelled: 0.018308
