bodyorientation: 0.590724
movementorientation: 0.612681
anglediff: 0.021957
distancetravelled: 0.014482
