bodyorientation: 2.350460
movementorientation: 2.366602
anglediff: 0.016142
distancetravelled: 0.014392
