bodyorientation: 0.544164
movementorientation: 0.560772
anglediff: 0.016608
distancetravelled: 0.014434
