bodyorientation: 0.363798
movementorientation: 0.348066
anglediff: -0.015733
distancetravelled: 0.014499
