bodyorientation: -2.152848
movementorientation: -2.136782
anglediff: 0.016066
distancetravelled: 0.014390
