bodyorientation: 0.601293
movementorientation: 0.623706
anglediff: 0.022413
distancetravelled: 0.014446
