bodyorientation: 0.615518
movementorientation: 0.632444
anglediff: 0.016925
distancetravelled: 0.014468
