bodyorientation: -2.634114
movementorientation: -2.618016
anglediff: 0.016097
distancetravelled: 0.014391
