bodyorientation: 0.560991
movementorientation: 0.577024
anglediff: 0.016034
distancetravelled: 0.014425
