bodyorientation: 2.176773
movementorientation: 2.186766
anglediff: 0.009993
distancetravelled: 0.006796
