bodyorientation: -1.521014
movementorientation: -1.504046
anglediff: 0.016968
distancetravelled: 0.018324
