bodyorientation: -2.796331
movementorientation: -2.780187
anglediff: 0.016144
distancetravelled: 0.014392
