bodyorientation: 2.511246
movementorientation: 2.527408
anglediff: 0.016161
distancetravelled: 0.014392
