bodyorientation: 0.445749
movementorientation: 0.456515
anglediff: 0.010767
distancetravelled: 0.006793
