bodyorientation: -1.993313
movementorientation: -1.977209
anglediff: 0.016104
distancetravelled: 0.014393
