bodyorientation: 1.178280
movementorientation: 1.162535
anglediff: -0.015745
distancetravelled: 0.014495
