bodyorientation: -2.161249
movementorientation: -2.144533
anglediff: 0.016716
distancetravelled: 0.018302
