bodyorientation: -1.024687
movementorientation: -1.007020
anglediff: 0.017667
distancetravelled: 0.018374
