bodyorientation: -1.358194
movementorientation: -1.341153
anglediff: 0.017041
distancetravelled: 0.018335
