bodyorientation: -2.046596
movementorientation: -2.062303
anglediff: -0.015707
distancetravelled: 0.014498
