bodyorientation: 2.993954
movementorientation: 3.003828
anglediff: 0.009874
distancetravelled: 0.006812
