bodyorientation: 1.200311
movementorientation: 1.217373
anglediff: 0.017062
distancetravelled: 0.014444
