bodyorientation: 0.517806
movementorientation: 0.523081
anglediff: 0.005275
distancetravelled: 0.014510
