bodyorientation: 1.185669
movementorientation: 1.342798
anglediff: 0.157129
distancetravelled: 0.014452
