bodyorientation: 1.377426
movementorientation: 1.393921
anglediff: 0.016495
distancetravelled: 0.014427
