bodyorientation: 0.532343
movementorientation: 0.549544
anglediff: 0.017201
distancetravelled: 0.014417
