bodyorientation: 0.577743
movementorientation: 0.595625
anglediff: 0.017883
distancetravelled: 0.014439
