bodyorientation: 0.593720
movementorientation: 0.610463
anglediff: 0.016743
distancetravelled: 0.014440
