bodyorientation: -2.456138
movementorientation: -2.446315
anglediff: 0.009823
distancetravelled: 0.006819
