bodyorientation: -2.958200
movementorientation: -2.948369
anglediff: 0.009830
distancetravelled: 0.006818
