bodyorientation: 0.603738
movementorientation: 0.626446
anglediff: 0.022709
distancetravelled: 0.014445
