bodyorientation: 1.191073
movementorientation: 1.208821
anglediff: 0.017748
distancetravelled: 0.018358
