bodyorientation: -0.127231
movementorientation: -0.104172
anglediff: 0.023060
distancetravelled: 0.009635
