bodyorientation: 0.616576
movementorientation: 0.639578
anglediff: 0.023002
distancetravelled: 0.014438
