bodyorientation: -2.846393
movementorientation: -2.862129
anglediff: -0.015736
distancetravelled: 0.014497
