bodyorientation: 0.519232
movementorientation: 0.525450
anglediff: 0.006218
distancetravelled: 0.014487
