bodyorientation: 1.533331
movementorientation: 1.541911
anglediff: 0.008580
distancetravelled: 0.012069
