bodyorientation: 1.860046
movementorientation: 1.876372
anglediff: 0.016326
distancetravelled: 0.018310
