bodyorientation: 0.588626
movementorientation: 0.609973
anglediff: 0.021347
distancetravelled: 0.014483
