bodyorientation: 0.634717
movementorientation: 0.650266
anglediff: 0.015549
distancetravelled: 0.014435
