bodyorientation: 0.501597
movementorientation: 0.505028
anglediff: 0.003432
distancetravelled: 0.014494
