bodyorientation: 0.610209
movementorientation: 0.627069
anglediff: 0.016860
distancetravelled: 0.014441
