bodyorientation: 3.111410
movementorientation: 3.095699
anglediff: -0.015711
distancetravelled: 0.014500
