bodyorientation: 2.665457
movementorientation: 2.675391
anglediff: 0.009934
distancetravelled: 0.006804
