bodyorientation: 1.371242
movementorientation: 1.381193
anglediff: 0.009951
distancetravelled: 0.006806
