bodyorientation: -3.124008
movementorientation: -3.114159
anglediff: 0.009848
distancetravelled: 0.006815
