bodyorientation: 0.642220
movementorientation: 0.658835
anglediff: 0.016615
distancetravelled: 0.014427
