bodyorientation: 2.984911
movementorientation: 3.001838
anglediff: 0.016926
distancetravelled: 0.018308
