bodyorientation: -1.399328
movementorientation: -1.415095
anglediff: -0.015767
distancetravelled: 0.014499
