bodyorientation: -1.306088
movementorientation: -1.296040
anglediff: 0.010048
distancetravelled: 0.006791
