bodyorientation: -2.470129
movementorientation: -2.460254
anglediff: 0.009875
distancetravelled: 0.012005
