bodyorientation: 0.853635
movementorientation: 0.837865
anglediff: -0.015770
distancetravelled: 0.014499
