bodyorientation: 0.518220
movementorientation: 0.523563
anglediff: 0.005343
distancetravelled: 0.014509
