bodyorientation: 0.592055
movementorientation: 0.614816
anglediff: 0.022762
distancetravelled: 0.014451
