bodyorientation: -2.206117
movementorientation: -2.221816
anglediff: -0.015699
distancetravelled: 0.014496
