bodyorientation: 1.978512
movementorientation: 1.962812
anglediff: -0.015700
distancetravelled: 0.014496
