bodyorientation: 0.615431
movementorientation: 0.631556
anglediff: 0.016125
distancetravelled: 0.014456
