bodyorientation: 0.590203
movementorientation: 0.605531
anglediff: 0.015327
distancetravelled: 0.014433
