bodyorientation: 0.587242
movementorientation: 0.606429
anglediff: 0.019188
distancetravelled: 0.014454
