bodyorientation: -2.290360
movementorientation: -2.280523
anglediff: 0.009837
distancetravelled: 0.006817
