bodyorientation: 2.029742
movementorientation: 2.045858
anglediff: 0.016116
distancetravelled: 0.014395
