bodyorientation: 0.642671
movementorientation: 0.657893
anglediff: 0.015222
distancetravelled: 0.014430
