bodyorientation: -0.336954
movementorientation: -0.326612
anglediff: 0.010342
distancetravelled: 0.006773
