bodyorientation: 0.589553
movementorientation: 0.609401
anglediff: 0.019848
distancetravelled: 0.014453
