bodyorientation: -1.833287
movementorientation: -1.817136
anglediff: 0.016152
distancetravelled: 0.014397
