bodyorientation: -1.843633
movementorientation: -1.826785
anglediff: 0.016848
distancetravelled: 0.018310
