bodyorientation: 0.606019
movementorientation: 0.628324
anglediff: 0.022305
distancetravelled: 0.014476
