bodyorientation: -2.625595
movementorientation: -2.615778
anglediff: 0.009817
distancetravelled: 0.006820
