bodyorientation: 1.016638
movementorientation: 1.000875
anglediff: -0.015763
distancetravelled: 0.014497
