bodyorientation: -1.074746
movementorientation: -1.090510
anglediff: -0.015764
distancetravelled: 0.014498
