bodyorientation: 0.612974
movementorientation: 0.629678
anglediff: 0.016704
distancetravelled: 0.014453
