bodyorientation: -1.796147
movementorientation: -1.786222
anglediff: 0.009925
distancetravelled: 0.006805
