bodyorientation: -1.561875
movementorientation: -1.577633
anglediff: -0.015758
distancetravelled: 0.014500
