bodyorientation: 1.544959
movementorientation: 1.561222
anglediff: 0.016263
distancetravelled: 0.014413
