bodyorientation: -0.804513
movementorientation: -0.786693
anglediff: 0.017820
distancetravelled: 0.014483
