bodyorientation: 0.292187
movementorientation: 0.302904
anglediff: 0.010717
distancetravelled: 0.006786
