bodyorientation: 0.690659
movementorientation: 0.674895
anglediff: -0.015764
distancetravelled: 0.014500
