bodyorientation: -1.186190
movementorientation: -1.169726
anglediff: 0.016464
distancetravelled: 0.014436
