bodyorientation: 2.339241
movementorientation: 2.349224
anglediff: 0.009983
distancetravelled: 0.006798
