bodyorientation: -2.459417
movementorientation: -2.449595
anglediff: 0.009822
distancetravelled: 0.006819
