bodyorientation: 2.499259
movementorientation: 2.516126
anglediff: 0.016867
distancetravelled: 0.018306
