bodyorientation: -2.365198
movementorientation: -2.380901
anglediff: -0.015702
distancetravelled: 0.014494
