bodyorientation: -1.960368
movementorientation: -1.950479
anglediff: 0.009889
distancetravelled: 0.006809
