bodyorientation: 0.137042
movementorientation: 0.147668
anglediff: 0.010626
distancetravelled: 0.006780
