bodyorientation: 1.818434
movementorientation: 1.802759
anglediff: -0.015675
distancetravelled: 0.014495
