bodyorientation: 0.600666
movementorientation: 0.618969
anglediff: 0.018304
distancetravelled: 0.014438
