bodyorientation: 0.573667
movementorientation: 0.589557
anglediff: 0.015890
distancetravelled: 0.014488
