bodyorientation: 0.603803
movementorientation: 0.626586
anglediff: 0.022783
distancetravelled: 0.014477
