bodyorientation: 0.601902
movementorientation: 0.623427
anglediff: 0.021525
distancetravelled: 0.014443
