bodyorientation: 2.338997
movementorientation: 2.355828
anglediff: 0.016832
distancetravelled: 0.018305
