bodyorientation: 0.309178
movementorientation: 0.299332
anglediff: -0.009845
distancetravelled: 0.005222
