bodyorientation: 0.576373
movementorientation: 0.584379
anglediff: 0.008006
distancetravelled: 0.018325
