bodyorientation: 3.108242
movementorientation: 3.092530
anglediff: -0.015712
distancetravelled: 0.014500
