bodyorientation: -3.124713
movementorientation: -3.108517
anglediff: 0.016197
distancetravelled: 0.014393
