bodyorientation: 0.616695
movementorientation: 0.632547
anglediff: 0.015852
distancetravelled: 0.014466
