bodyorientation: 0.602087
movementorientation: 0.622158
anglediff: 0.020072
distancetravelled: 0.014441
