bodyorientation: 0.621859
movementorientation: 0.638169
anglediff: 0.016310
distancetravelled: 0.014439
