bodyorientation: -0.114367
movementorientation: -0.123254
anglediff: -0.008887
distancetravelled: 0.010200
