bodyorientation: -2.962172
movementorientation: -2.945991
anglediff: 0.016181
distancetravelled: 0.014393
