bodyorientation: 2.822347
movementorientation: 2.839262
anglediff: 0.016914
distancetravelled: 0.018307
