bodyorientation: 1.869136
movementorientation: 1.885264
anglediff: 0.016128
distancetravelled: 0.014398
