bodyorientation: -1.886066
movementorientation: -1.901789
anglediff: -0.015724
distancetravelled: 0.014499
