bodyorientation: 0.840631
movementorientation: 0.858701
anglediff: 0.018071
distancetravelled: 0.006720
