bodyorientation: 0.456084
movementorientation: 0.471698
anglediff: 0.015614
distancetravelled: 0.002194
