bodyorientation: 0.614060
movementorientation: 0.637160
anglediff: 0.023100
distancetravelled: 0.014439
