bodyorientation: -1.348785
movementorientation: -1.332485
anglediff: 0.016300
distancetravelled: 0.014420
