bodyorientation: 0.501164
movementorientation: 0.504501
anglediff: 0.003337
distancetravelled: 0.014494
