bodyorientation: 0.598466
movementorientation: 0.617819
anglediff: 0.019353
distancetravelled: 0.001962
