bodyorientation: 2.783320
movementorientation: 2.767631
anglediff: -0.015689
distancetravelled: 0.014500
