bodyorientation: 0.573976
movementorientation: 0.589399
anglediff: 0.015423
distancetravelled: 0.014461
