bodyorientation: -2.804707
movementorientation: -2.787860
anglediff: 0.016847
distancetravelled: 0.018306
