bodyorientation: 1.339670
movementorientation: 1.323940
anglediff: -0.015729
distancetravelled: 0.014494
