bodyorientation: -1.236899
movementorientation: -1.252668
anglediff: -0.015770
distancetravelled: 0.014498
