bodyorientation: 2.829384
movementorientation: 2.839287
anglediff: 0.009903
distancetravelled: 0.006808
