bodyorientation: 0.571820
movementorientation: 0.587122
anglediff: 0.015302
distancetravelled: 0.014489
