bodyorientation: 0.486819
movementorientation: 0.484810
anglediff: -0.002009
distancetravelled: 0.014499
