bodyorientation: -3.135141
movementorientation: -3.118215
anglediff: 0.016926
distancetravelled: 0.018308
