bodyorientation: 0.535882
movementorientation: 0.543757
anglediff: 0.007874
distancetravelled: 0.014502
