bodyorientation: -1.683039
movementorientation: -1.666123
anglediff: 0.016916
distancetravelled: 0.018316
