bodyorientation: 0.503828
movementorientation: 0.505639
anglediff: 0.001810
distancetravelled: 0.014515
