bodyorientation: 0.588258
movementorientation: 0.610219
anglediff: 0.021961
distancetravelled: 0.014454
