bodyorientation: -2.791959
movementorientation: -2.782139
anglediff: 0.009820
distancetravelled: 0.006820
