bodyorientation: -2.959024
movementorientation: -2.942842
anglediff: 0.016182
distancetravelled: 0.014393
