bodyorientation: 0.554978
movementorientation: 0.566307
anglediff: 0.011329
distancetravelled: 0.014470
