bodyorientation: 2.138337
movementorientation: 2.122634
anglediff: -0.015704
distancetravelled: 0.014497
