bodyorientation: 0.627778
movementorientation: 0.649347
anglediff: 0.021569
distancetravelled: 0.014432
