bodyorientation: 2.014642
movementorientation: 2.024633
anglediff: 0.009991
distancetravelled: 0.006796
