bodyorientation: 1.699552
movementorientation: 1.716381
anglediff: 0.016829
distancetravelled: 0.018316
