bodyorientation: 1.707687
movementorientation: 1.723896
anglediff: 0.016209
distancetravelled: 0.014404
