bodyorientation: 0.553556
movementorientation: 0.564403
anglediff: 0.010847
distancetravelled: 0.014495
