bodyorientation: -2.319983
movementorientation: -2.303289
anglediff: 0.016694
distancetravelled: 0.018300
