bodyorientation: 1.213111
movementorientation: 1.223126
anglediff: 0.010015
distancetravelled: 0.006809
