bodyorientation: -2.641579
movementorientation: -2.624806
anglediff: 0.016774
distancetravelled: 0.018304
