bodyorientation: 1.234224
movementorientation: -1.912628
anglediff: -3.146852
distancetravelled: 0.005618
