bodyorientation: -0.177734
movementorientation: -0.167307
anglediff: 0.010427
distancetravelled: 0.006773
