bodyorientation: -0.981322
movementorientation: -0.971191
anglediff: 0.010131
distancetravelled: 0.006782
