bodyorientation: 0.534922
movementorientation: 0.542657
anglediff: 0.007735
distancetravelled: 0.014503
