bodyorientation: -0.913013
movementorientation: -0.928767
anglediff: -0.015754
distancetravelled: 0.014497
