bodyorientation: 0.518271
movementorientation: 0.524370
anglediff: 0.006099
distancetravelled: 0.014487
