bodyorientation: 0.641080
movementorientation: 0.658332
anglediff: 0.017252
distancetravelled: 0.014427
