bodyorientation: -0.813902
movementorientation: -0.797154
anglediff: 0.016748
distancetravelled: 0.018397
