bodyorientation: 0.841893
movementorientation: -2.306050
anglediff: -3.147943
distancetravelled: 0.005732
