bodyorientation: 2.672416
movementorientation: 2.688596
anglediff: 0.016179
distancetravelled: 0.014392
