bodyorientation: -2.479938
movementorientation: -2.463223
anglediff: 0.016715
distancetravelled: 0.018301
