bodyorientation: -2.312487
movementorientation: -2.296438
anglediff: 0.016050
distancetravelled: 0.014389
