bodyorientation: 1.852823
movementorientation: 1.862799
anglediff: 0.009975
distancetravelled: 0.006796
