bodyorientation: 1.056876
movementorientation: 1.067032
anglediff: 0.010157
distancetravelled: 0.006811
