bodyorientation: 2.660491
movementorientation: 2.677383
anglediff: 0.016892
distancetravelled: 0.018306
