bodyorientation: 0.598115
movementorientation: 0.608844
anglediff: 0.010729
distancetravelled: 0.006801
