bodyorientation: -1.143546
movementorientation: -1.133457
anglediff: 0.010090
distancetravelled: 0.006786
