bodyorientation: 2.945654
movementorientation: 2.929958
anglediff: -0.015697
distancetravelled: 0.014500
