bodyorientation: 0.595439
movementorientation: 0.618541
anglediff: 0.023103
distancetravelled: 0.014449
