bodyorientation: -1.632380
movementorientation: -1.622415
anglediff: 0.009964
distancetravelled: 0.006800
