bodyorientation: 0.596998
movementorientation: 0.613528
anglediff: 0.016530
distancetravelled: 0.014436
