bodyorientation: -2.002805
movementorientation: -1.986031
anglediff: 0.016774
distancetravelled: 0.018305
