bodyorientation: -0.819444
movementorientation: -0.809271
anglediff: 0.010173
distancetravelled: 0.006778
