bodyorientation: -1.469029
movementorientation: -1.459023
anglediff: 0.010006
distancetravelled: 0.006796
