bodyorientation: 0.527577
movementorientation: 0.511833
anglediff: -0.015745
distancetravelled: 0.014499
