bodyorientation: 0.750053
movementorientation: 0.760634
anglediff: 0.010581
distancetravelled: 0.006807
