bodyorientation: -0.080605
movementorientation: -0.088001
anglediff: -0.007396
distancetravelled: 0.005265
