bodyorientation: 0.571872
movementorientation: 0.586763
anglediff: 0.014892
distancetravelled: 0.014462
