bodyorientation: -1.672408
movementorientation: -1.656213
anglediff: 0.016195
distancetravelled: 0.014402
