bodyorientation: 0.536751
movementorientation: 0.545197
anglediff: 0.008446
distancetravelled: 0.014479
