bodyorientation: -0.019662
movementorientation: -0.009137
anglediff: 0.010524
distancetravelled: 0.006776
