bodyorientation: 2.834057
movementorientation: 2.850249
anglediff: 0.016192
distancetravelled: 0.014393
