bodyorientation: 1.499295
movementorientation: 1.483629
anglediff: -0.015666
distancetravelled: 0.014494
