bodyorientation: 1.691508
movementorientation: 1.701463
anglediff: 0.009955
distancetravelled: 0.006799
