bodyorientation: 0.643203
movementorientation: 0.658678
anglediff: 0.015475
distancetravelled: 0.014428
