bodyorientation: -2.524579
movementorientation: -2.540294
anglediff: -0.015715
distancetravelled: 0.014494
