bodyorientation: -1.510771
movementorientation: -1.494537
anglediff: 0.016234
distancetravelled: 0.014409
