bodyorientation: 0.598290
movementorientation: 0.610575
anglediff: 0.012286
distancetravelled: 0.014410
