bodyorientation: 2.459838
movementorientation: 2.444150
anglediff: -0.015688
distancetravelled: 0.014499
