bodyorientation: 0.902660
movementorientation: 0.913023
anglediff: 0.010364
distancetravelled: 0.006810
