bodyorientation: 0.994220
movementorientation: 1.011993
anglediff: 0.017773
distancetravelled: 0.014456
