bodyorientation: 2.190115
movementorientation: 2.206240
anglediff: 0.016125
distancetravelled: 0.014393
