bodyorientation: 2.298855
movementorientation: 2.283163
anglediff: -0.015693
distancetravelled: 0.014498
