bodyorientation: 2.019613
movementorientation: 2.036397
anglediff: 0.016785
distancetravelled: 0.018307
