bodyorientation: 0.598314
movementorientation: 0.621342
anglediff: 0.023028
distancetravelled: 0.014447
