bodyorientation: -0.016293
movementorientation: -0.000163
anglediff: 0.016130
distancetravelled: 0.009800
