bodyorientation: 2.502104
movementorientation: 2.512066
anglediff: 0.009962
distancetravelled: 0.006801
