bodyorientation: -0.497108
movementorientation: -0.486835
anglediff: 0.010273
distancetravelled: 0.006773
