bodyorientation: -1.194851
movementorientation: -1.177628
anglediff: 0.017223
distancetravelled: 0.018351
