bodyorientation: -1.016342
movementorientation: -0.999415
anglediff: 0.016927
distancetravelled: 0.014460
