bodyorientation: -2.684889
movementorientation: -2.700618
anglediff: -0.015729
distancetravelled: 0.014495
