bodyorientation: 0.544527
movementorientation: 0.555989
anglediff: 0.011461
distancetravelled: 0.014423
