bodyorientation: 0.600538
movementorientation: 0.623053
anglediff: 0.022515
distancetravelled: 0.014445
