bodyorientation: 0.556819
movementorientation: 0.568489
anglediff: 0.011670
distancetravelled: 0.014470
