bodyorientation: -0.751817
movementorientation: -0.767562
anglediff: -0.015745
distancetravelled: 0.014497
