bodyorientation: 1.530925
movementorientation: 1.540866
anglediff: 0.009941
distancetravelled: 0.006802
