bodyorientation: 0.555031
movementorientation: 0.566172
anglediff: 0.011141
distancetravelled: 0.014495
