bodyorientation: 0.638630
movementorientation: 0.653900
anglediff: 0.015271
distancetravelled: 0.014433
