bodyorientation: 0.634666
movementorientation: 0.654438
anglediff: 0.019772
distancetravelled: 0.014429
