bodyorientation: -2.472805
movementorientation: -2.456743
anglediff: 0.016062
distancetravelled: 0.014389
