bodyorientation: 0.584536
movementorientation: 0.598774
anglediff: 0.014238
distancetravelled: 0.014436
