bodyorientation: 0.625364
movementorientation: 0.647388
anglediff: 0.022024
distancetravelled: 0.014433
