bodyorientation: 0.981517
movementorientation: 0.997887
anglediff: 0.016370
distancetravelled: 0.018372
