bodyorientation: 1.369669
movementorientation: 1.386906
anglediff: 0.017238
distancetravelled: 0.018340
