bodyorientation: -2.125094
movementorientation: -2.115235
anglediff: 0.009859
distancetravelled: 0.006813
