bodyorientation: -3.008887
movementorientation: -3.024616
anglediff: -0.015729
distancetravelled: 0.014499
