bodyorientation: 2.621352
movementorientation: 2.605666
anglediff: -0.015687
distancetravelled: 0.014499
