bodyorientation: 0.180909
movementorientation: 0.169331
anglediff: -0.011577
distancetravelled: 0.002490
