bodyorientation: 0.181748
movementorientation: 0.171028
anglediff: -0.010720
distancetravelled: 0.002484
