bodyorientation: 0.203290
movementorientation: 0.188342
anglediff: -0.014948
distancetravelled: 0.002570
