bodyorientation: 0.187223
movementorientation: 0.177940
anglediff: -0.009282
distancetravelled: 0.002467
