bodyorientation: 0.202052
movementorientation: 0.189421
anglediff: -0.012631
distancetravelled: 0.002550
