bodyorientation: 0.038190
movementorientation: 0.053190
anglediff: 0.015000
distancetravelled: 0.006814
