bodyorientation: 0.538218
movementorientation: 0.546867
anglediff: 0.008650
distancetravelled: 0.014478
