bodyorientation: 0.636683
movementorientation: 0.655778
anglediff: 0.019096
distancetravelled: 0.014428
