bodyorientation: 1.460678
movementorientation: 1.477135
anglediff: 0.016458
distancetravelled: 0.012238
