bodyorientation: 1.537313
movementorientation: 1.554197
anglediff: 0.016884
distancetravelled: 0.018325
