bodyorientation: -0.657995
movementorientation: -0.647777
anglediff: 0.010218
distancetravelled: 0.006775
