bodyorientation: 0.578934
movementorientation: 0.594178
anglediff: 0.015244
distancetravelled: 0.014430
