bodyorientation: -2.971674
movementorientation: -2.954770
anglediff: 0.016904
distancetravelled: 0.018308
