bodyorientation: 2.996101
movementorientation: 3.012299
anglediff: 0.016198
distancetravelled: 0.014393
