bodyorientation: 1.658872
movementorientation: 1.643156
anglediff: -0.015716
distancetravelled: 0.014494
