bodyorientation: 2.178897
movementorientation: 2.195708
anglediff: 0.016811
distancetravelled: 0.018305
