bodyorientation: 0.625090
movementorientation: 0.634011
anglediff: 0.008921
distancetravelled: 0.001928
