bodyorientation: -1.724366
movementorientation: -1.740110
anglediff: -0.015744
distancetravelled: 0.014500
